002220021312231312222033343421330303240001434141231331323404031022114013434333010230221020221020022
121122120202012020121043013102221221435521112422443242343123513341010302410221342010223030013102200
000102113102200232304033323331230042243225545423222145155353323244444103030341114102200110230210210
210000210011313230124421403131035424212553341224354235111554525424232312243334330011232213102110221
011221213013233101202214421014211444113354135545433143234341354155455431402040121341332111001213200
102011200323032042010300400433425523314114545134123354514144125244221425322110331241203233303212321
102333112233124011310312033433351241332441511153434514142551252434413454525133430430232301313012101
211211123303442031043123115213455152541435522242266645543311341343514541312331003041323121132333230
001321210013322412003145152352533215251266535255436246225646232235155455213434510131104234003003222
223300223021202423423443531414132551356424245326334266655533565213421321535315422410221142133031312
222100212043241001125454253523452134533223365232264243252423323432612224141255512031323011313003103
021121103403121443434132421553436423352664246453242666446362544432226535142445142544021324240001211